                     CLIMATOLOGICAL SUMMARY for year 2013


NAME: Darfield, Canterbury, New Zealand                  
ELEV: 210 meters    LAT: 43-29.00 S    LONG: 172-04.10 E


                                       TEMPERATURE (C)

                              HEAT    COOL                              MAX    MIN
          MEAN   MEAN         DEG     DEG                                >=     <=
 YR  MO   MAX    MIN    MEAN  DAYS    DAYS      HI  DAY     LOW  DAY     30      0
-----------------------------------------------------------------------------------
2013 01   23.7    9.6   16.6  148.0   50.8    32.0   31     3.1   18      3      0
2013 02   22.8    8.3   15.3  156.9    6.5    30.1   01     2.5   14      1      0
2013 03   20.9   10.4   15.1  185.3    5.3    28.9   08     5.1   21      0      0
2013 04   16.5    6.7   11.7  359.1    0.0    25.8   02     1.9   11      0      0
2013 05   13.4    4.6    8.8  529.7    0.0    22.8   12    -0.3   28      0      1
2013 06    9.8    2.3    5.8  675.5    0.0    20.3   02    -1.3   05      0     11
2013 07   12.7    3.9    8.1  570.8    0.0    18.8   21    -3.9   12      0      7
2013 08   12.7    4.5    8.6  543.7    0.0    17.8   16    -1.3   01      0      2
2013 09   13.8    4.4    8.7  517.9    0.0    19.6   10    -1.0   03      0      4
2013 10   17.3    5.9   11.7  369.0    0.0    25.5   24     0.1   08      0      0
2013 11   18.2    7.8   12.8  300.2    0.1    26.2   24     1.6   02      0      0
2013 12   21.0   10.0   15.0  189.1    5.7    28.0   06     3.2   01      0      0
-----------------------------------------------------------------------------------
          16.9    6.5   11.5 4545.3   68.4    32.0  Jan    -3.9  Jul      4     25


                  PRECIPITATION (mm)

                  MAX         ---DAYS OF RAIN---
                  OBS.               OVER
 YR  MO  TOTAL    DAY  DATE   0.20   2.00  30.00
------------------------------------------------
2013 01   53.2   18.8    17     10      5      0
2013 02   25.6   20.4    04      7      2      0
2013 03   45.4   28.6    18     10      2      0
2013 04   90.4   28.8    20     18      9      0
2013 05   69.0   19.2    06     17      7      0
2013 06  192.0   40.8    17     18      9      3
2013 07   35.8   13.4    14     10      5      0
2013 08   50.8   17.0    17     11      5      0
2013 09   53.0   12.2    04     16      8      0
2013 10   99.4   34.2    08     20      7      1
2013 11   41.4   13.2    01     14      7      0
2013 12  126.8   36.0    08     17     11      1
------------------------------------------------
         882.8   40.8   Jun    168     77      5


           WIND SPEED (km/h)

                                DOM
 YR  MO    AVG     HI   DATE    DIR
-----------------------------------
2013 01   10.0   72.4     10    343 
2013 02    7.4   32.2     04     62 
2013 03    8.3   43.5     25      1 
2013 04    6.9   43.5     28    327 
2013 05    7.6   53.1     26    290 
2013 06    6.8   46.7     20    276 
2013 07    8.5   66.0     06    307 
2013 08    8.4   40.2     28    350 
2013 09    8.8   91.7     10    318 
2013 10   11.2   84.9     14    316 
2013 11    8.4   43.5     10     20 
2013 12    8.3   45.1     21     14 
-----------------------------------
           8.4   91.7    Sep    332

