                     CLIMATOLOGICAL SUMMARY for year 2014


NAME: Darfield Weather Station                  
ELEV: 210 meters    LAT: 43-29.00 S    LONG: 172-04.10 E


                                       TEMPERATURE (C)

                              HEAT    COOL                              MAX    MAX    MIN    MIN
          MEAN   MEAN         DEG     DEG                                >=     <=     <=     <=
 YR  MO   MAX    MIN    MEAN  DAYS    DAYS      HI  DAY     LOW  DAY     30      0      0    -20
------------------------------------------------------------------------------------------------
2014 01   20.8    8.7   14.9  200.0   10.4    29.2   19     2.2   14      0      0      0      0
2014 02   22.4    9.9   15.4  163.1   16.2    31.6   04     4.4   24      1      0      0      0
2014 03   18.9    8.3   13.1  294.2    1.5    25.7   17     3.1   26      0      0      0      0
2014 04   15.0    7.9   11.2  384.4    0.0    22.1   25     1.9   30      0      0      0      0
2014 05   15.1    4.5    9.8  475.9    0.0    21.2   03    -1.7   26      0      0      5      0
2014 06   12.8    3.1    7.8  572.5    0.0    18.8   05    -3.1   23      0      0      8      0
2014 07   10.4    1.5    6.0  687.3    0.0    19.9   31    -2.9   03      0      0     16      0
2014 08   11.4    1.7    6.5  660.9    0.0    19.0   02    -2.4   28      0      0     10      0
2014 09   14.2    3.5    8.6  523.7    0.0    20.4   11    -2.6   04      0      0      6      0
2014 10   16.6    4.3   10.5  437.7    0.0    23.5   13    -2.2   04      0      0      3      0
2014 11   18.3    6.0   12.3  329.5    1.5    27.6   22    -1.2   06      0      0      1      0
2014 12   20.6    9.4   14.4  228.6   21.9    27.9   31     1.8   14      0      0      0      0
------------------------------------------------------------------------------------------------
          16.3    5.7   10.8 4957.7   51.4    31.6  Feb    -3.1  Jun      1      0     49      0


                  PRECIPITATION (mm)

                  MAX         ---DAYS OF RAIN---
                  OBS.               OVER
 YR  MO  TOTAL    DAY  DATE   0.30   3.00  30.00
------------------------------------------------
2014 01   58.4   30.0    26     11      5      0
2014 02   64.8   20.8    28     12      4      0
2014 03  186.4   73.6    16     11      5      2
2014 04  346.4   68.4    18     22     13      3
2014 05   62.4   38.4    14     10      5      1
2014 06  187.6   81.6    10     17      7      2
2014 07   43.6   14.4    02     13      3      0
2014 08   61.2   17.2    06     13      4      0
2014 09   60.0   16.4    16     16      5      0
2014 10   85.6   52.0    06     15      5      1
2014 11   82.3   22.4    05     16      7      0
2014 12   51.2   16.4    01     10      6      0
------------------------------------------------
        1289.9   81.6   Jun    166     69      9


           WIND SPEED (km/h)

                                DOM
 YR  MO    AVG     HI   DATE    DIR
-----------------------------------
2014 01   11.8   49.9     03    337 
2014 02    8.3   56.3     17     26 
2014 03    7.9   45.1     04      1 
2014 04    7.1   40.2     25      6 
2014 05    8.6   70.8     05    318 
2014 06    5.6   54.7     25    338 
2014 07    5.1   70.6     30    297 
2014 08    5.9  110.0     02    325 
2014 09    6.6   45.1     22    340 
2014 10    7.6   74.0     29    335 
2014 11    8.6   83.7     15    304 
2014 12    7.6   56.3     31     23 
-----------------------------------
           7.6  110.0    Aug    336

