                     CLIMATOLOGICAL SUMMARY for year 2011


NAME: Darfield, Canterbury, New Zealand                  
ELEV: 210 meters    LAT: 43-29.00 S    LONG: 172-04.10 E


                                       TEMPERATURE (C)

                              HEAT    COOL                              MAX    MIN
          MEAN   MEAN         DEG     DEG                                >=     <=
 YR  MO   MAX    MIN    MEAN  DAYS    DAYS      HI  DAY     LOW  DAY     30      0
-----------------------------------------------------------------------------------
2011 01   23.2   10.5   18.3   97.5   77.4    32.2   06     5.2   09      4      0
2011 02   23.5   10.6   18.6   83.0   84.7    35.5   06     3.2   07      3      0
2011 03   21.4    9.4   16.6  139.3   39.2    29.1   05     4.3   24      0      0
2011 04   17.9    6.2   12.4  332.1    8.7    31.4   03    -0.3   28      1      2
2011 05   16.2    7.0   12.2  340.7    0.0    22.7   14     0.1   28      0      0
2011 06   13.8    3.4    8.6  530.5    0.0    19.0   15    -1.4   17      0      4
2011 07   12.7    1.5    7.6  592.0    0.0    17.5   20    -3.2   22      0     13
2011 08   14.9    1.6    8.8  538.9    0.0    22.4   02    -2.4   10      0     10
2011 09   16.4    2.7   10.6  413.8    0.0    21.2   28    -0.9   14      0      4
2011 10   16.7    6.4   12.2  348.9    2.5    24.3   31    -1.2   08      0      2
2011 11   18.9    6.8   13.0  202.9    0.0    26.4   28     1.6   18      0      0
2011 12   19.6    9.8   14.5  224.0   10.6    27.6   27     3.1   20      0      0
-----------------------------------------------------------------------------------
          17.9    6.3   12.6 3843.6  223.1    35.5  Feb    -3.2  Jul      8     35


                  PRECIPITATION (mm)

                  MAX         ---DAYS OF RAIN---
                  OBS.               OVER
 YR  MO  TOTAL    DAY  DATE   0.20   2.00  30.00
------------------------------------------------
2011 01   40.5   15.6    18     14      5      0
2011 02   36.0   10.8    25     13      6      0
2011 03   41.1   15.0    05     13      4      0
2011 04   46.8   17.7    04     11      6      0
2011 05   37.8   13.8    26     12      6      0
2011 06   24.3   11.4    28     12      3      0
2011 07   17.7    4.8    07     11      4      0
2011 08   23.7   12.0    16      8      3      0
2011 09   25.8    7.8    19      9      6      0
2011 10   63.9   21.6    19     15      8      0
2011 11   39.6   21.4    21      5      3      0
2011 12   98.4   38.6    16     10      5      2
------------------------------------------------
         495.6   38.6   Dec    133     59      2


           WIND SPEED (km/h)

                                DOM
 YR  MO    AVG     HI   DATE    DIR
-----------------------------------
2011 01   15.3   78.5     31     26 
2011 02   14.3   55.1     02     24 
2011 03   13.1   66.2     02     11 
2011 04    9.4   47.9     03      7 
2011 05   10.0   80.6     12    332 
2011 06    2.2   49.0     23    351 
2011 07   11.9   60.1     07    312 
2011 08   11.6   56.2     07    293 
2011 09   11.8   43.9     10     13 
2011 10   14.4   57.6     19     21 
2011 11    7.9   46.7     25    318 
2011 12    7.1   37.0     04    338 
-----------------------------------
          10.3   80.6    May    350

