                     CLIMATOLOGICAL SUMMARY for year 2012


NAME: Darfield, Canterbury, New Zealand                  
ELEV: 210 meters    LAT: 43-29.00 S    LONG: 172-04.10 E


                                       TEMPERATURE (C)

                              HEAT    COOL                              MAX    MIN
          MEAN   MEAN         DEG     DEG                                >=     <=
 YR  MO   MAX    MIN    MEAN  DAYS    DAYS      HI  DAY     LOW  DAY     30      0
-----------------------------------------------------------------------------------
2012 01   20.8    9.0   14.9  196.2    5.3    28.2   18     1.5   27      0      0
2012 02   19.3   10.0   14.0  226.9    0.0    26.3   23     6.2   12      0      0
2012 03   18.3    7.3   12.6  323.2    1.5    24.7   18     1.7   21      0      0
2012 04   18.0    5.8   11.6  364.3    0.0    23.6   13     2.2   06      0      0
2012 05   14.1    3.5    8.5  546.2    0.0    19.9   07    -1.5   03      0      3
2012 06    9.7    0.4    5.2  710.1    0.0    17.4   23    -8.0   07      0     14
2012 07   11.4    1.5    6.2  678.4    0.0    20.2   15    -6.4   02      0     11
2012 08   11.4    4.3    7.6  600.7    0.0    18.7   26    -1.0   30      0      1
2012 09   14.5    4.4    9.4  484.7    0.0    20.9   07    -1.1   23      0      2
2012 10   16.2    5.1   10.3  448.3    0.0    22.2   27     0.0   07      0      1
2012 11   16.5    5.1   10.7  412.9    0.0    25.3   25    -0.6   08      0      1
2012 12   22.0    9.5   15.6  171.8   19.9    29.4   16     4.6   01      0      0
-----------------------------------------------------------------------------------
          16.0    5.5   10.5 5163.8   26.8    29.4  Dec    -8.0  Jun      0     33


                  PRECIPITATION (mm)

                  MAX         ---DAYS OF RAIN---
                  OBS.               OVER
 YR  MO  TOTAL    DAY  DATE   0.20   2.00  30.00
------------------------------------------------
2012 01   51.4   16.4    27     12      6      0
2012 02   78.0   15.8    23     15      9      0
2012 03   76.0   19.6    03     13      7      0
2012 04   43.4   28.4    11     13      3      0
2012 05   18.2    7.4    15     12      2      0
2012 06   45.8   20.0    05     12      8      0
2012 07   43.2   13.6    31     12      6      0
2012 08  141.0   30.8    13     16     11      1
2012 09   43.0   17.0    17     15      4      0
2012 10   83.6   36.0    13     12      4      1
2012 11   50.8   14.0    03     14      6      0
2012 12   32.8   20.8    07      8      4      0
------------------------------------------------
         707.2   36.0   Oct    154     70      2


           WIND SPEED (km/h)

                                DOM
 YR  MO    AVG     HI   DATE    DIR
-----------------------------------
2012 01    7.5   46.7     31    338 
2012 02    6.3   46.7     24      7 
2012 03    7.3   62.8     24    310 
2012 04    6.9   61.2     29    308 
2012 05    7.1   57.0     27    298 
2012 06    7.5   76.0     23    271 
2012 07    5.9   37.0     12    322 
2012 08    6.9   40.0     27     11 
2012 09   10.2   57.0     08    323 
2012 10   10.1   49.9     18    304 
2012 11    8.2   45.1     02     10 
2012 12    9.9   50.4     02    337 
-----------------------------------
           7.8   76.0    Jun    320

