                     CLIMATOLOGICAL SUMMARY for year 2015


NAME: Darfield Weather Station                  
ELEV: 210 meters    LAT: 43-29.00 S    LONG: 172-04.10 E


                                       TEMPERATURE (C)

                              HEAT    COOL                              MAX    MAX    MIN    MIN
          MEAN   MEAN         DEG     DEG                                >=     <=     <=     <=
 YR  MO   MAX    MIN    MEAN  DAYS    DAYS      HI  DAY     LOW  DAY     30      0      0    -20
------------------------------------------------------------------------------------------------
2015 01   23.0   11.2   17.0  112.1   37.4    32.8   04     3.8   22      2      0      0      0
2015 02   22.8    9.2   15.4  163.5   17.0    31.5   01     3.6   06      1      0      0      0
2015 03   20.2    9.9   14.6  225.7   15.2    29.3   01     3.9   18      0      0      0      0
2015 04   16.8    7.6   11.8  350.7    5.0    28.1   07    -0.1   14      0      0      2      0
2015 05   15.1    3.8    9.4  500.3    3.3    23.3   06    -2.1   26      0      0      9      0
2015 06   11.3    1.3    6.6  617.3    0.0    18.0   01    -4.9   24      0      0     13      0
2015 07   10.6    1.8    5.8  690.5    0.0    18.2   26    -4.2   11      0      0      8      0
2015 08   10.7    1.4    6.0  687.1    0.0    18.8   03    -3.1   09      0      0     11      0
2015 09   12.2    2.7    7.2  600.0    0.0    20.1   15    -2.4   22      0      0      7      0
2015 10   18.0    6.2   11.8  365.8    2.6    24.4   07    -0.3   09      0      0      1      0
2015 11   18.3    5.9   12.2  338.4    9.1    26.7   25    -0.5   05      0      0      3      0
2015 12   20.7    7.4   14.0  265.2   20.5    31.6   21     2.1   23      1      0      0      0
------------------------------------------------------------------------------------------------
          16.6    5.7   11.0 4916.6  110.1    32.8  Jan    -4.9  Jun      4      0     54      0


                  PRECIPITATION (mm)

                  MAX         ---DAYS OF RAIN---
                  OBS.               OVER
 YR  MO  TOTAL    DAY  DATE   0.30   3.00  30.00
------------------------------------------------
2015 01    8.0    4.2    14      5      1      0
2015 02   17.8   10.2    09      5      1      0
2015 03   48.4   11.4    06     13      4      0
2015 04   99.8   33.2    27     12      8      1
2015 05   19.6    7.6    12      8      2      0
2015 06   41.2   17.0    18     10      4      0
2015 07   43.6   15.6    09      7      5      0
2015 08   42.8   16.4    08     10      4      0
2015 09   53.4   13.0    01     15      7      0
2015 10   13.6    7.0    29      6      1      0
2015 11   23.6    8.4    11      8      3      0
2015 12   35.6   11.2    16     11      5      0
------------------------------------------------
         447.4   33.2   Apr    110     45      1


           WIND SPEED (km/h)

                                DOM
 YR  MO    AVG     HI   DATE    DIR
-----------------------------------
2015 01    7.6   48.3     16     32 
2015 02    7.3   72.4     04      9 
2015 03    6.5   54.7     06      7 
2015 04    6.6   54.7     06    329 
2015 05    6.3   53.1     14    313 
2015 06    5.8   56.3     21    305 
2015 07    6.1   54.7     26    328 
2015 08    5.3   57.9     04    333 
2015 09    5.7   59.5     10    357 
2015 10    8.6   80.5     04    329 
2015 11    7.6   49.9     27    347 
2015 12    7.9   64.4     12    351 
-----------------------------------
           6.8   80.5    Oct    340

