                     CLIMATOLOGICAL SUMMARY for year 2010


NAME: Darfield Weather Station                  
ELEV: 210 meters    LAT: 43-29.00 S    LONG: 172-04.10 E


                                       TEMPERATURE (C)

                              HEAT    COOL                              MAX    MAX    MIN    MIN
          MEAN   MEAN         DEG     DEG                                >=     <=     <=     <=
 YR  MO   MAX    MIN    MEAN  DAYS    DAYS      HI  DAY     LOW  DAY     30      0      0    -20
------------------------------------------------------------------------------------------------
2010 01
2010 02
2010 03
2010 04
2010 05
2010 06
2010 07   11.4    2.5    7.4  387.0    0.0    17.8   28    -2.4   16      0      0      5      0
2010 08   11.8    4.0    8.8  493.1    0.0    18.1   13    -1.9   06      0      0      6      0
2010 09   16.5    5.5   11.2  364.6    4.3    25.6   29    -0.4   19      0      0      1      0
2010 10   18.0    4.9   11.9  367.9    4.6    25.9   16     0.6   04      0      0      0      0
2010 11   22.2    8.5   15.9  191.4   37.4    30.1   19     1.1   01      1      0      0      0
2010 12   23.5   11.5   18.0   99.2   74.4    31.4   18     4.1   29      2      0      0      0
------------------------------------------------------------------------------------------------
          17.8    6.5   13.4 1903.3  120.6    31.4  Dec    -2.4  Jul      3      0     12      0


                  PRECIPITATION (mm)

                  MAX         ---DAYS OF RAIN---
                  OBS.               OVER
 YR  MO  TOTAL    DAY  DATE   0.30   3.00  30.00
------------------------------------------------
2010 01
2010 02
2010 03
2010 04
2010 05
2010 06
2010 07   46.2   21.0    23      7      3      0
2010 08   97.5   30.3    08     17      7      1
2010 09   57.3    7.8    10     18      8      0
2010 10   43.2   15.9    09      9      4      0
2010 11   44.6   23.1    05      8      3      0
2010 12   50.7   23.4    28     16      3      0
------------------------------------------------
         339.5   30.3   Aug     75     28      1


           WIND SPEED (km/h)

                                DOM
 YR  MO    AVG     HI   DATE    DIR
-----------------------------------
2010 01
2010 02
2010 03
2010 04
2010 05
2010 06
2010 07    8.5   42.8     31      4 
2010 08   12.9   54.0     01    357 
2010 09   15.9   79.6     05    314 
2010 10   14.9   51.5     17    345 
2010 11   12.6   52.6     03     50 
2010 12   14.9   80.6     24    353 
-----------------------------------
          13.9   80.6    Dec    346

